16 2 3 13 4 14 15 1 9 7 6 12 5 11 10 8
5 11 10 8 9 7 6 12 16 2 3 13 4 14 15 1
9 7 6 12 5 11 10 8 4 14 15 1 16 2 3 13
4 14 15 1 16 2 3 13 5 11 10 8 9 7 6 12
13 3 2 16 1 15 14 4 12 6 7 9 8 10 11 5
8 10 11 5 12 6 7 9 13 3 2 16 1 15 14 4
12 6 7 9 8 10 11 5 1 15 14 4 13 3 2 16
1 15 14 4 13 3 2 16 8 10 11 5 12 6 7 9
3 16 13 2 15 4 1 14 6 9 12 7 10 5 8 11
10 5 8 11 6 9 12 7 3 16 13 2 15 4 1 14
6 9 12 7 10 5 8 11 15 4 1 14 3 16 13 2
15 4 1 14 3 16 13 2 10 5 8 11 6 9 12 7
2 13 16 3 14 1 4 15 7 12 9 6 11 8 5 10
11 8 5 10 7 12 9 6 2 13 16 3 14 1 4 15
7 12 9 6 11 8 5 10 14 1 4 15 2 13 16 3
14 1 4 15 2 13 16 3 11 8 5 10 7 12 9 6
